# done: z --> m, and m in the n slot

# u --> (U << 24) | ((I / 8) << 20)  // variants: s8/s16/s32/u8/u16/u32
#-v --> ((I / 8) << 20)              // variants: i8/i16/i32
#-p --> ((I / 16) << 18)             // variants: 8/16/32
#-P --> ((log2(I) - 3) << 6)              // variants: 8/16/32/64
# O --> ((log2(I) - 3) << 10)              // variants: 8/16/32

# i = Dm[x] 16 --> ((m & 0x7) | ((x & 0x3) << 3)) --> Dm
# j = Dm[x] 32 --> ((m & 0xF) | ((x & 0x1) << 4)) --> Dm

# x = L:imm6 8/16/32/64, (imm)
# y = L:imm6 8/16/32/64, (N-imm)
#-w = imm6 8/16/32/64

vhadd_3,1111 0010 0000 0000 0000 0000 0100 0000,Qdnmu
vhadd_3,1111 0010 0000 0000 0000 0000 0000 0000,Gdnmu
vhsub_3,1111 0010 0000 0000 0000 0010 0100 0000,Qdnmu
vhsub_3,1111 0010 0000 0000 0000 0010 0000 0000,Gdnmu
vqadd_3,1111 0010 0000 0000 0000 0000 0101 0000,Qdnmu
vqadd_3,1111 0010 0000 0000 0000 0000 0001 0000,Gdnmu
vqsub_3,1111 0010 0000 0000 0000 0010 0101 0000,Qdnmu
vqsub_3,1111 0010 0000 0000 0000 0010 0001 0000,Gdnmu
vrhadd_3,1111 0010 0000 0000 0000 0001 0100 0000,Qdnmu
vrhadd_3,1111 0010 0000 0000 0000 0001 0000 0000,Gdnmu
vand_3,1111 0010 0000 0000 0000 0001 0101 0000,Qdnm
vand_3,1111 0010 0000 0000 0000 0001 0001 0000,Gdnm
vbic_3,1111 0010 0001 0000 0000 0001 0101 0000,Qdnm
vbic_3,1111 0010 0001 0000 0000 0001 0001 0000,Gdnm
vorr_3,1111 0010 0010 0000 0000 0001 0101 0000,Qdnm
vorr_3,1111 0010 0010 0000 0000 0001 0001 0000,Gdnm
vmov_2,1111 0010 0010 0000 0000 0001 0101 0000,Qdz
vmov_2,1111 0010 0010 0000 0000 0001 0001 0000,Gdz
vorn_3,1111 0010 0011 0000 0000 0001 0101 0000,Qdnm
vorn_3,1111 0010 0011 0000 0000 0001 0001 0000,Gdnm
veor_3,1111 0011 0000 0000 0000 0001 0101 0000,Qdnm
veor_3,1111 0011 0000 0000 0000 0001 0001 0000,Gdnm
vbsl_3,1111 0010 0001 0000 0000 0001 0101 0000,Qdnm
vbsl_3,1111 0010 0001 0000 0000 0001 0001 0000,Gdnm
vbit_3,1111 0010 0010 0000 0000 0001 0101 0000,Qdnm
vbit_3,1111 0010 0010 0000 0000 0001 0001 0000,Gdnm
vbif_3,1111 0010 0011 0000 0000 0001 0101 0000,Qdnm
vbif_3,1111 0010 0011 0000 0000 0001 0001 0000,Gdnm
vcgt_3,1111 0010 0000 0000 0000 0011 0100 0000,Qdnmu
vcgt_3,1111 0010 0000 0000 0000 0011 0000 0000,Gdnmu
vcge_3,1111 0010 0000 0000 0000 0011 0101 0000,Qdnmu
vcge_3,1111 0010 0000 0000 0000 0011 0001 0000,Gdnmu
vshl_3,1111 0010 0000 0000 0000 0100 0100 0000,Qdnmu
vshl_3,1111 0010 0000 0000 0000 0100 0000 0000,Gdnmu
vqshl_3,1111 0010 0000 0000 0000 0100 0101 0000,Qdnmu
vqshl_3,1111 0010 0000 0000 0000 0100 0001 0000,Gdnmu
vrshl_3,1111 0010 0000 0000 0000 0101 0100 0000,Qdnmu
vrshl_3,1111 0010 0000 0000 0000 0101 0000 0000,Gdnmu
vqrshl_3,1111 0010 0000 0000 0000 0101 0101 0000,Qdnmu
vqrshl_3,1111 0010 0000 0000 0000 0101 0001 0000,Gdnmu
vmax_3,1111 0010 0000 0000 0000 0110 0100 0000,Qdnmu
vmax_3,1111 0010 0000 0000 0000 0110 0000 0000,Gdnmu
vmin_3,1111 0010 0000 0000 0000 0110 0101 0000,Qdnmu
vmin_3,1111 0010 0000 0000 0000 0110 0001 0000,Gdnmu
vabd_3,1111 0010 0000 0000 0000 0111 0100 0000,Qdnmu
vabd_3,1111 0010 0000 0000 0000 0111 0000 0000,Gdnmu
vabdl_3,1111 0010 1000 0000 0000 0111 0000 0000,QdGnmu
vaba_3,1111 0010 0000 0000 0000 0111 0101 0000,Qdnmu
vaba_3,1111 0010 0000 0000 0000 0111 0001 0000,Gdnmu
vabal_3,1111 0010 1000 0000 0000 0101 0000 0000,QdGnmu

vadd_3,1111 0010 0000 0000 0000 1000 0100 0000,Qdnmv
vadd_3,1111 0010 0000 0000 0000 1000 0000 0000,Gdnmv
vsub_3,1111 0011 0000 0000 0000 1000 0100 0000,Qdnmv
vsub_3,1111 0011 0000 0000 0000 1000 0000 0000,Gdnmv
vtst_3,1111 0010 0000 0000 0000 1000 0101 0000,Qdnmv
vtst_3,1111 0010 0000 0000 0000 1000 0001 0000,Gdnmv
vceq_3,1111 0011 0000 0000 0000 1000 0101 0000,Qdnmv
vceq_3,1111 0011 0000 0000 0000 1000 0001 0000,Gdnmv

vmla_3,1111 0010 0000 0000 0000 1001 0100 0000,Qdnmv
vmla_3,1111 0010 0000 0000 0000 1001 0000 0000,Gdnmv
vmlal_3,1111 0010 1000 0000 1000 1000 0000 0000,QdGnmu
vmls_3,1111 0011 0000 0000 0000 1001 0100 0000,Qdnmv
vmls_3,1111 0011 0000 0000 0000 1001 0000 0000,Gdnmv
vmlsl_3,1111 0010 1000 0000 1000 1010 0000 0000,QdGnmu
vmul_3,1111 0010 0000 0000 0000 1001 0101 0000,Qdnmv
vmul_3,1111 0010 0000 0000 0000 1001 0001 0000,Gdnmv
vmull_3,1111 0010 1000 0000 1000 1100 0000 0000,QdGnmu
vmul.p8_3,1111 0011 0000 0000 0000 1001 0101 0000,Qdnm
vmul.p8_3,1111 0010 0000 0000 0000 1001 0001 0000,Gdnm
vmull.p8_3,1111 0010 1000 0000 1000 1110 0000 0000,QdGnm

vmla.i16_3,1111 0011 1001 0000 0000 0000 0100 0000,Qdni
vmla.i16_3,1111 0010 1001 0000 0000 0000 0100 0000,Gdni
vmla.i32_3,1111 0011 1010 0000 0000 0000 0100 0000,Qdni
vmla.i32_3,1111 0010 1010 0000 0000 0000 0100 0000,Gdni
vmla.f32_3,1111 0011 1010 0000 0000 0001 0100 0000,Qdni
vmla.f32_3,1111 0010 1010 0000 0000 0001 0100 0000,Gdni
vmlal.s16_3,1111 0010 1001 0000 0000 0010 0100 0000,QdGnj
vmlal.s32_3,1111 0010 1010 0000 0000 0010 0100 0000,QdGnj
vmlal.u16_3,1111 0011 1001 0000 0000 0010 0100 0000,QdGnj
vmlal.u32_3,1111 0011 1010 0000 0000 0010 0100 0000,QdGnj
vmla.i16_3,1111 0011 1001 0000 0000 0100 0100 0000,Qdni
vmla.i16_3,1111 0010 1001 0000 0000 0100 0100 0000,Gdni
vmla.i32_3,1111 0011 1010 0000 0000 0100 0100 0000,Qdni
vmla.i32_3,1111 0010 1010 0000 0000 0100 0100 0000,Gdni
vmla.f32_3,1111 0011 1010 0000 0000 0101 0100 0000,Qdni
vmla.f32_3,1111 0010 1010 0000 0000 0101 0100 0000,Gdni
vmlsl.s16_3,1111 0010 1001 0000 0000 0110 0100 0000,QdGnj
vmlsl.s32_3,1111 0010 1010 0000 0000 0110 0100 0000,QdGnj
vmlsl.u16_3,1111 0011 1001 0000 0000 0110 0100 0000,QdGnj
vmlsl.u32_3,1111 0011 1010 0000 0000 0110 0100 0000,QdGnj
vmul.i16_3,1111 0011 1001 0000 0000 1000 0100 0000,Qdni
vmul.i16_3,1111 0010 1001 0000 0000 1000 0100 0000,Gdni
vmul.i32_3,1111 0011 1010 0000 0000 1000 0100 0000,Qdni
vmul.i32_3,1111 0010 1010 0000 0000 1000 0100 0000,Gdni
vmul.f32_3,1111 0011 1010 0000 0000 1001 0100 0000,Qdni
vmul.f32_3,1111 0010 1010 0000 0000 1001 0100 0000,Gdni
vmull.s16_3,1111 0010 1001 0000 0000 1010 0100 0000,QdGnj
vmull.s32_3,1111 0010 1010 0000 0000 1010 0100 0000,QdGnj
vmull.u16_3,1111 0011 1001 0000 0000 1010 0100 0000,QdGnj
vmull.u32_3,1111 0011 1010 0000 0000 1010 0100 0000,QdGnj

vmla.f32_3,1111 0010 0000 0000 0000 1101 0101 0000,Qdnm
vmla.f32_3,1111 0010 0000 0000 0000 1101 0001 0000,Gdnm
vmls.f32_3,1111 0010 0010 0000 0000 1101 0101 0000,Qdnm
vmls.f32_3,1111 0010 0010 0000 0000 1101 0001 0000,Gdnm
vmul.f32_3,1111 0011 0000 0000 0000 1101 0101 0000,Qdnm
vmul.f32_3,1111 0011 0000 0000 0000 1101 0001 0000,Gdnm

vpmax_3,1111 0010 0000 0000 0000 1001 0000 0000,Gdnmu
vpmin_3,1111 0010 0000 0000 0000 1001 0001 0000,Gdnmu
vpadd_3,1111 0010 0000 0000 0000 1011 0001 0000,Gdnmv

vqdmulh.s16_3,1111 0010 0001 0000 0000 1011 0100 0000,Qdnm
vqdmulh.s32_3,1111 0010 0010 0000 0000 1011 0100 0000,Qdnm
vqdmulh.s16_3,1111 0010 0001 0000 0000 1011 0000 0000,Gdnm
vqdmulh.s32_3,1111 0010 0010 0000 0000 1011 0000 0000,Gdnm
vqdmulh.s16_3,1111 0011 1001 0000 0000 1100 0100 0000,Qdnk
vqdmulh.s32_3,1111 0010 1010 0000 0000 1100 0100 0000,Gdnl
vqdmulh.s16_3,1111 0011 1001 0000 0000 1100 0100 0000,Qdnk
vqdmulh.s32_3,1111 0010 1010 0000 0000 1100 0100 0000,Gdnl
vrqdmulh.s16_3,1111 0011 0001 0000 0000 1011 0100 0000,Qdnm
vrqdmulh.s32_3,1111 0011 0010 0000 0000 1011 0100 0000,Qdnm
vrqdmulh.s16_3,1111 0011 0001 0000 0000 1011 0000 0000,Gdnm
vrqdmulh.s32_3,1111 0011 0010 0000 0000 1011 0000 0000,Gdnm
vrqdmulh.s16_3,1111 0011 1001 0000 0000 1101 0100 0000,Qdnk
vrqdmulh.s32_3,1111 0011 1010 0000 0000 1101 0100 0000,Qdnl
vrqdmulh.s16_3,1111 0010 1001 0000 0000 1101 0100 0000,Gdnk
vrqdmulh.s32_3,1111 0010 1010 0000 0000 1101 0100 0000,Gdnl
vqdmull.s16_3,1111 0010 1001 0000 0000 1101 0000 0000,QdGnm
vqdmull.s32_3,1111 0010 1010 0000 0000 1101 0000 0000,QdGnm
vqdmull.s16_3,1111 0010 1001 0000 0000 1011 0100 0000,QdGnk
vqdmull.s32_3,1111 0010 1010 0000 0000 1011 0100 0000,QdGnl

vfma.f32_3,1111 0010 0000 0000 0000 1100 0101 0000,Qdnm  -- ASIMDv2
vfma.f32_3,1111 0010 0000 0000 0000 1100 0001 0000,Gdnm  -- ASIMDv2
vfms.f32_3,1111 0010 0010 0000 0000 1100 0101 0000,Qdnm  -- ASIMDv2
vfms.f32_3,1111 0010 0010 0000 0000 1100 0001 0000,Gdnm  -- ASIMDv2

vadd.f32_3,1111 0010 0000 0000 0000 1101 0100 0000,Qdnm
vadd.f32_3,1111 0010 0000 0000 0000 1101 0000 0000,Gdnm
vsub.f32_3,1111 0010 0010 0000 0000 1101 0100 0000,Qdnm
vsub.f32_3,1111 0010 0010 0000 0000 1101 0000 0000,Gdnm
vpadd.f32_3,1111 0011 0000 0000 0000 1101 0000 0000,Gdnm
vabd.f32_3,1111 0011 0010 0000 0000 1101 0100 0000,Qdnm
vabd.f32_3,1111 0011 0010 0000 0000 1101 0000 0000,Gdnm

vceq.f32_3,1111 0010 0000 0000 0000 1110 0100 0000,Qdnm
vceq.f32_3,1111 0010 0000 0000 0000 1110 0000 0000,Gdnm
vcge.f32_3,1111 0011 0000 0000 0000 1110 0100 0000,Qdnm
vcge.f32_3,1111 0011 0000 0000 0000 1110 0000 0000,Gdnm
vcgt.f32_3,1111 0011 0010 0000 0000 1110 0100 0000,Qdnm
vcgt.f32_3,1111 0011 0010 0000 0000 1110 0000 0000,Gdnm
vcle.f32_3,1111 0011 0000 0000 0000 1110 0100 0000,Qdmn
vcle.f32_3,1111 0011 0000 0000 0000 1110 0000 0000,Gdmn
vclt.f32_3,1111 0011 0010 0000 0000 1110 0100 0000,Qdmn
vclt.f32_3,1111 0011 0010 0000 0000 1110 0000 0000,Gdmn
vacge.f32_3,1111 0011 0000 0000 0000 1110 0101 0000,Qdnm
vacge.f32_3,1111 0011 0000 0000 0000 1110 0001 0000,Gdnm
vacgt.f32_3,1111 0011 0010 0000 0000 1110 0101 0000,Qdnm
vacgt.f32_3,1111 0011 0010 0000 0000 1110 0001 0000,Gdnm
vacle.f32_3,1111 0011 0000 0000 0000 1110 0101 0000,Qdmn
vacle.f32_3,1111 0011 0000 0000 0000 1110 0001 0000,Gdmn
vaclt.f32_3,1111 0011 0010 0000 0000 1110 0101 0000,Qdmn
vaclt.f32_3,1111 0011 0010 0000 0000 1110 0001 0000,Gdmn

vmax.f32_3,1111 0010 0000 0000 0000 1111 0100 0000,Qdnm
vmax.f32_3,1111 0010 0000 0000 0000 1111 0000 0000,Gdnm
vmin.f32_3,1111 0010 0010 0000 0000 1111 0100 0000,Qdnm
vmin.f32_3,1111 0010 0010 0000 0000 1111 0000 0000,Gdnm
vpmax.f32_3,1111 0011 0000 0000 0000 1111 0100 0000,Qdnm
vpmax.f32_3,1111 0011 0000 0000 0000 1111 0000 0000,Gdnm
vpmin.f32_3,1111 0011 0010 0000 0000 1111 0100 0000,Qdnm
vpmin.f32_3,1111 0011 0010 0000 0000 1111 0000 0000,Gdnm

vrecps.f32_3,1111 0010 0000 0000 0000 1111 0101 0000,Qdnm
vrecps.f32_3,1111 0010 0000 0000 0000 1111 0001 0000,Gdnm
vrsqrts.f32_3,1111 0010 0010 0000 0000 1111 0101 0000,Qdnm
vrsqrts.f32_3,1111 0010 0010 0000 0000 1111 0001 0000,Gdnm

vaddl_3,1111 0010 1000 0000 0000 0000 0000 0000,QdGnmu
vaddw_3,1111 0010 1000 0000 0000 0001 0000 0000,QdnGmu
vsubl_3,1111 0010 1000 0000 0000 0010 0000 0000,QdGnmu
vsubw_3,1111 0010 1000 0000 0000 0011 0000 0000,QdnGmu

vaddhn.i16_3,1111 0010 1000 0000 0000 0100 0000 0000,GdQnm
vaddhn.i32_3,1111 0010 1001 0000 0000 0100 0000 0000,GdQnm
vaddhn.i64_3,1111 0010 1010 0000 0000 0100 0000 0000,GdQnm
vsubhn.i16_3,1111 0010 1000 0000 0000 0110 0000 0000,GdQnm
vsubhn.i32_3,1111 0010 1001 0000 0000 0110 0000 0000,GdQnm
vsubhn.i64_3,1111 0010 1010 0000 0000 0110 0000 0000,GdQnm

vqdmlal.s16_3,1111 0010 1001 0000 0000 1001 0000 0000,QdGnm
vqdmlal.s32_3,1111 0010 1010 0000 0000 1001 0000 0000,QdGnm
vqdmlal.s16_3,1111 0010 1001 0000 0000 0011 0000 0000,QdGnk
vqdmlal.s32_3,1111 0010 1010 0000 0000 0011 0000 0000,QdGnl
vqdmlsl.s16_3,1111 0010 1001 0000 0000 1011 0000 0000,QdGnm
vqdmlsl.s32_3,1111 0010 1010 0000 0000 1011 0000 0000,QdGnm
vqdmlsl.s16_3,1111 0010 1001 0000 0000 0111 0100 0000,QdGnk
vqdmlsl.s32_3,1111 0010 1010 0000 0000 0111 0100 0000,QdGnl

vshr.s_3,1111 0010 1000 0000 0000 0000 0101 0000,Qdmy
vshr.s_3,1111 0010 1000 0000 0000 0000 0001 0000,Gdmy
vshr.u_3,1111 0011 1000 0000 0000 0000 0101 0000,Qdmy
vshr.u_3,1111 0011 1000 0000 0000 0000 0001 0000,Gdmy
vsra.s_3,1111 0010 1000 0000 0000 0001 0101 0000,Qdmy
vsra.s_3,1111 0010 1000 0000 0000 0001 0001 0000,Gdmy
vsra.u_3,1111 0011 1000 0000 0000 0001 0101 0000,Qdmy
vsra.u_3,1111 0011 1000 0000 0000 0001 0001 0000,Gdmy
vrshr.s_3,1111 0010 1000 0000 0000 0010 0101 0000,Qdmy
vrshr.s_3,1111 0010 1000 0000 0000 0010 0001 0000,Gdmy
vrshr.u_3,1111 0011 1000 0000 0000 0010 0101 0000,Qdmy
vrshr.u_3,1111 0011 1000 0000 0000 0010 0001 0000,Gdmy
vrsra.s_3,1111 0010 1000 0000 0000 0011 0101 0000,Qdmy
vrsra.s_3,1111 0010 1000 0000 0000 0011 0001 0000,Gdmy
vrsra.u_3,1111 0011 1000 0000 0000 0011 0101 0000,Qdmy
vrsra.u_3,1111 0011 1000 0000 0000 0011 0001 0000,Gdmy
vsri._3,1111 0011 1000 0000 0000 0100 0101 0000,Qdmy
vsri._3,1111 0011 1000 0000 0000 0100 0001 0000,Gdmy
vshl.i_3,1111 0010 1000 0000 0000 0101 0101 0000,Qdmx
vshl.i_3,1111 0010 1000 0000 0000 0101 0001 0000,Gdmx
vsli._3,1111 0011 1000 0000 0000 0101 0101 0000,Qdmx
vsli._3,1111 0011 1000 0000 0000 0101 0001 0000,Gdmx
vqshl.s_3,1111 0010 1000 0000 0000 0111 0101 0000,Qdmx
vqshl.s_3,1111 0010 1000 0000 0000 0111 0001 0000,Gdmx
vqshl.u_3,1111 0011 1000 0000 0000 0111 0101 0000,Qdmx
vqshl.u_3,1111 0011 1000 0000 0000 0111 0001 0000,Gdmx
vqshlu.s_3,1111 0011 1000 0000 0000 0110 0101 0000,Qdmx
vqshlu.s_3,1111 0011 1000 0000 0000 0110 0001 0000,Gdmx
vshrn.i_3,1111 0010 1000 0000 0000 1000 0001 0000,GdQmy
vrshrn.i_3,1111 0010 1000 0000 0000 1000 0101 0000,GdQm?    -- y but different
vqshrn.s_3,1111 0010 1000 0000 0000 1001 0001 0000,GdQm?    -- y but different
vqshrn.u_3,1111 0011 1000 0000 0000 1000 0001 0000,GdQm?    -- y but different
vqshrun.s_3,1111 0011 1000 0000 0000 1001 0001 0000,GdQm?   -- y but different
vqrshrn.s_3,1111 0010 1000 0000 0000 1001 0101 0000,GdQm?   -- y but different
vqrshrn.u_3,1111 0011 1000 0000 0000 1001 0101 0000,GdQm?   -- y but different
vqrshrun.s_3,1111 0011 1000 0000 0000 1000 0101 0000,GdQm?  -- y but different
vshll.s_3,1111 0010 1000 0000 0000 1010 0001 0000,QdGmx     -- imm < size
vshll.u_3,1111 0011 1000 0000 0000 1010 0001 0000,QdGmx     -- imm < size
vshll.i_3,1111 0011 1011 0010 0000 0011 0000 0000,QdGm???   -- imm == size
vmovl.s8_2,1111 0010 1000 1000 0000 1010 0001 0000,QdGm
vmovl.s16_2,1111 0010 1001 0000 0000 1010 0001 0000,QdGm
vmovl.s32_2,1111 0010 1010 0000 0000 1010 0001 0000,QdGm
vmovl.u8_2,1111 0011 1000 1000 0000 1010 0001 0000,QdGm
vmovl.u16_2,1111 0011 1001 0000 0000 1010 0001 0000,QdGm
vmovl.u32_2,1111 0011 1010 0000 0000 1010 0001 0000,QdGm
vcvt.s32.f32_3,1111 0010 1000 0000 0000 1111 0101 0000,Qdm? -- (64-imm6) at 16
vcvt.s32.f32_3,1111 0010 1000 0000 0000 1111 0001 0000,Gdm? -- (64-imm6) at 16
vcvt.u32.f32_3,1111 0011 1000 0000 0000 1111 0101 0000,Qdm? -- (64-imm6) at 16
vcvt.u32.f32_3,1111 0011 1000 0000 0000 1111 0001 0000,Gdm? -- (64-imm6) at 16
vcvt.f32.s32_3,1111 0010 1000 0000 0000 1110 0101 0000,Qdm? -- (64-imm6) at 16
vcvt.f32.s32_3,1111 0010 1000 0000 0000 1110 0001 0000,Gdm? -- (64-imm6) at 16
vcvt.f32.u32_3,1111 0011 1000 0000 0000 1110 0101 0000,Qdm? -- (64-imm6) at 16
vcvt.f32.u32_3,1111 0011 1000 0000 0000 1110 0001 0000,Gdm? -- (64-imm6) at 16

vrev16._2,1111 0011 1011 0000 0000 0001 0100 0000,Qdmp
vrev16._2,1111 0011 1011 0000 0000 0001 0000 0000,Gdmp
vrev32._2,1111 0011 1011 0000 0000 0000 1100 0000,Qdmp
vrev32._2,1111 0011 1011 0000 0000 0000 1000 0000,Gdmp
vrev64._2,1111 0011 1011 0000 0000 0000 0100 0000,Qdmp
vrev64._2,1111 0011 1011 0000 0000 0000 0000 0000,Gdmp

vpaddl.s_2,1111 0011 1011 0000 0000 0010 0100 0000,Qdmp
vpaddl.s_2,1111 0011 1011 0000 0000 0010 0000 0000,Gdmp
vpaddl.u_2,1111 0011 1011 0000 0000 0010 1100 0000,Qdmp
vpaddl.u_2,1111 0011 1011 0000 0000 0010 1000 0000,Gdmp

vcls.s_2,1111 0011 1011 0000 0000 0100 0100 0000,Qdmp
vcls.s_2,1111 0011 1011 0000 0000 0100 0000 0000,Gdmp
vclz.i_2,1111 0011 1011 0000 0000 0100 1100 0000,Qdmp
vclz.i_2,1111 0011 1011 0000 0000 0100 0100 0000,Gdmp
vcnt.8_2,1111 0011 1011 0000 0000 0101 0100 0000,Qdm
vcnt.8_2,1111 0011 1011 0000 0000 0101 0000 0000,Gdm
vmvn_2,1111 0011 1011 0000 0000 0101 1100 0000,Qdm
vmvn_2,1111 0011 1011 0000 0000 0101 1000 0000,Gdm
vpadal.s_2,1111 0011 1011 0000 0000 0110 0100 0000,Qdmp
vpadal.s_2,1111 0011 1011 0000 0000 0110 0000 0000,Gdmp
vpadal.u_2,1111 0011 1011 0000 0000 0110 1100 0000,Qdmp
vpadal.u_2,1111 0011 1011 0000 0000 0110 1000 0000,Gdmp
vqabs.s_2,1111 0011 1011 0000 0000 0111 0100 0000,Qdmp
vqabs.s_2,1111 0011 1011 0000 0000 0111 0000 0000,Gdmp
vqneg.s_2,1111 0011 1011 0000 0000 0111 1100 0000,Qdmp
vqneg.s_2,1111 0011 1011 0000 0000 0111 1000 0000,Gdmp
vcgt.s_2,1111 0011 1011 0001 0000 0000 0100 0000,Qdmp
vcgt.s_2,1111 0011 1011 0001 0000 0000 0000 0000,Gdmp
vcgt.f32_2,1111 0011 1011 1001 0000 0100 0100 0000,Qdm
vcgt.f32_2,1111 0011 1011 1001 0000 0100 0000 0000,Gdm
vcge.s_2,1111 0011 1011 0001 0000 0000 1100 0000,Qdmp
vcge.s_2,1111 0011 1011 0001 0000 0000 1000 0000,Gdmp
vcge.f32_2,1111 0011 1011 1001 0000 0100 1100 0000,Qdm
vcge.f32_2,1111 0011 1011 1001 0000 0100 1000 0000,Gdm
vceq.s_2,1111 0011 1011 0001 0000 0001 0100 0000,Qdmp
vceq.s_2,1111 0011 1011 0001 0000 0001 0000 0000,Gdmp
vceq.f32_2,1111 0011 1011 1001 0000 0101 0100 0000,Qdm
vceq.f32_2,1111 0011 1011 1001 0000 0101 0000 0000,Gdm
vcle.s_2,1111 0011 1011 0001 0000 0001 1100 0000,Qdmp
vcle.s_2,1111 0011 1011 0001 0000 0001 1000 0000,Gdmp
vcle.f32_2,1111 0011 1011 1001 0000 0101 1100 0000,Qdm
vcle.f32_2,1111 0011 1011 1001 0000 0101 1000 0000,Gdm
vclt.s_2,1111 0011 1011 0001 0000 0010 0100 0000,Qdmp
vclt.s_2,1111 0011 1011 0001 0000 0010 0000 0000,Gdmp
vclt.f32_2,1111 0011 1011 1001 0000 0110 0100 0000,Qdm
vclt.f32_2,1111 0011 1011 1001 0000 0110 0000 0000,Gdm

vabs.s_2,1111 0011 1011 0001 0000 0011 0100 0000,Qdmp
vabs.s_2,1111 0011 1011 0001 0000 0011 0000 0000,Gdmp
vabs.f32_2,1111 0011 1011 1001 0000 0111 0100 0000,Qdm
vabs.f32_2,1111 0011 1011 1001 0000 0111 0000 0000,Gdm
vneg.s_2,1111 0011 1011 0001 0000 0011 1100 0000,Qdmp
vneg.s_2,1111 0011 1011 0001 0000 0011 1000 0000,Gdmp
vneg.f32_2,1111 0011 1011 1001 0000 0111 1100 0000,Qdm
vneg.f32_2,1111 0011 1011 1001 0000 0111 1000 0000,Gdm
vswp_2,1111 0011 1011 0010 0000 0000 0100 0000,Qdm
vswp_2,1111 0011 1011 0010 0000 0000 0000 0000,Gdm
vtrn._2,1111 0011 1011 0010 0000 0000 1100 0000,Qdmp
vtrn._2,1111 0011 1011 0010 0000 0000 1000 0000,Gdmp
vuzp._2,1111 0011 1011 0010 0000 0001 0100 0000,Qdmp
vuzp._2,1111 0011 1011 0010 0000 0001 0000 0000,Gdmp
vzip._2,1111 0011 1011 0010 0000 0001 1100 0000,Qdmp
vzip._2,1111 0011 1011 0010 0000 0001 1000 0000,Gdmp

vmovn.i16_2,1111 0011 1011 0010 0000 0010 0000 0000,GdQm
vmovn.i32_2,1111 0011 1011 0110 0000 0010 0000 0000,GdQm
vmovn.i64_2,1111 0011 1011 1010 0000 0010 0000 0000,GdQm
vqmovn.s_2,1111 0011 1011 0010 0000 0010 1000 0000,GdQm?  -- p but different
vqmovn.u_2,1111 0011 1011 0010 0000 0010 1100 0000,GdQm?  -- p but different
vqmovun.s_2,1111 0011 1011 0010 0000 0010 0100 0000,GdQm? -- p but different
vcvt.f32.f16_2,1111 0011 1011 0110 0000 0111 0000 0000,QdGm
vcvt.f16.f32_2,1111 0011 1011 0110 0000 0110 0000 0000,GdQm
vrecpe.u32_2,1111 0011 1011 1011 0000 0100 0100 0000,Qdm
vrecpe.u32_2,1111 0011 1011 1011 0000 0100 0000 0000,Gdm
vrecpe.f32_2,1111 0011 1011 1011 0000 0101 0100 0000,Qdm
vrecpe.f32_2,1111 0011 1011 1011 0000 0101 0000 0000,Gdm
vsqrte.u32_2,1111 0011 1011 1011 0000 0100 1100 0000,Qdm
vsqrte.u32_2,1111 0011 1011 1011 0000 0100 1000 0000,Gdm
vsqrte.f32_2,1111 0011 1011 1011 0000 0101 1100 0000,Qdm
vsqrte.f32_2,1111 0011 1011 1011 0000 0101 1000 0000,Gdm
vcvt.s32.f32_2,1111 0011 1011 1011 0000 0111 0100 0000,Qdm
vcvt.s32.f32_2,1111 0011 1011 1011 0000 0111 0000 0000,Gdm
vcvt.u32.f32_2,1111 0011 1011 1011 0000 0111 1100 0000,Qdm
vcvt.u32.f32_2,1111 0011 1011 1011 0000 0111 1000 0000,Gdm
vcvt.f32.s32_2,1111 0011 1011 1011 0000 0110 0100 0000,Qdm
vcvt.f32.s32_2,1111 0011 1011 1011 0000 0110 0000 0000,Gdm
vcvt.f32.u32_2,1111 0011 1011 1011 0000 0110 1100 0000,Qdm
vcvt.f32.u32_2,1111 0011 1011 1011 0000 0110 1000 0000,Gdm

# TODO: reg + modified immediate... :|
# VMOV: op = 0, cmode = 0xx0 || op = 0, cmode = 10x0 || op = 0, cmode = 11xx || op = 1, cmode = 1110
# VORR: op = 0, cmode = 0xx1 || op = 0, cmode = 10x1
# VMVN: op = 1, cmode = 0xx0 || op = 1, cmode = 10x0 || op = 1, cmode = 110x
# VBIC: op = 1, cmode = 0xx1 || op = 1, cmode = 10x1


# parse_neonload(mincount, maxcount, minstride, maxstride, maxdist)
# V = {d0, ... d3} --> Vd @ 12, type @ 8
# U = {d0[x]} --> Vd @ 12

# multiple
#   type[4] @ 8 --> [abcd]; d = stride - 1 (except for VST1, 1 reg = 0111), VST3 = 010x, VST4 = 000x
#   align[2] @ 4 --> (256 --> 11, 128 --> 10, 64 --> 01, 0 --> 00)

# single
# index_align[4] @ 4 --> (index << (size/8)) | (align >= 16 ? 1 : 0) | (align >= 32 ? 10 : 00)

vst1._2,1111 0100 0000 0000 0000 0000 0000 0000,VP
vst1._3,1111 0100 0000 0000 0000 0000 0000 0000,VP
vst1._2,1111 0100 1000 0000 0000 0000 0000 0000,UO
vst1._3,1111 0100 1000 0000 0000 0000 0000 0000,UO
vst2._2,1111 0100 0000 0000 0000 0000 0000 0000,VP
vst2._3,1111 0100 0000 0000 0000 0000 0000 0000,VP
vst2._2,1111 0100 1000 0000 0000 0000 0000 0000,UO
vst2._3,1111 0100 1000 0000 0000 0000 0000 0000,UO
vst3._2,1111 0100 0000 0000 0000 0000 0000 0000,VP
vst3._3,1111 0100 0000 0000 0000 0000 0000 0000,VP
vst3._2,1111 0100 1000 0000 0000 0000 0000 0000,UO
vst3._3,1111 0100 1000 0000 0000 0000 0000 0000,UO
vst4._2,1111 0100 0000 0000 0000 0000 0000 0000,VP
vst4._3,1111 0100 0000 0000 0000 0000 0000 0000,VP
vst4._2,1111 0100 1000 0000 0000 0000 0000 0000,UO
vst4._3,1111 0100 1000 0000 0000 0000 0000 0000,UO
vld1._2,1111 0100 0010 0000 0000 0000 0000 0000,VP
vld1._3,1111 0100 0010 0000 0000 0000 0000 0000,VP
vld1._2,1111 0100 1010 0000 0000 0000 0000 0000,UO
vld1._3,1111 0100 1010 0000 0000 0000 0000 0000,UO
vld2._2,1111 0100 0010 0000 0000 0000 0000 0000,VP
vld2._3,1111 0100 0010 0000 0000 0000 0000 0000,VP
vld2._2,1111 0100 1010 0000 0000 0000 0000 0000,UO
vld2._3,1111 0100 1010 0000 0000 0000 0000 0000,UO
vld3._2,1111 0100 0010 0000 0000 0000 0000 0000,VP
vld3._3,1111 0100 0010 0000 0000 0000 0000 0000,VP
vld3._2,1111 0100 1010 0000 0000 0000 0000 0000,UO
vld3._3,1111 0100 1010 0000 0000 0000 0000 0000,UO
vld4._2,1111 0100 0010 0000 0000 0000 0000 0000,VP
vld4._3,1111 0100 0010 0000 0000 0000 0000 0000,VP
vld4._2,1111 0100 1010 0000 0000 0000 0000 0000,UO
vld4._3,1111 0100 1010 0000 0000 0000 0000 0000,UO